Inverse model for dp-dp survey as in Fig 5.8 of Binley & Kemna(2005)

    1    4  3.0    0    2

       225  49  << numnp_x, numnp_y

  -190.500      -90.500 -40.500 -20.500 -10.500 -5.500  -3.500  -2.500  -2.000  -1.750  -1.500  -1.250  -1.000  
  -0.750  -0.500  -0.250  0.000   0.250   0.500   0.750   1.000   1.250   1.500   1.750   2.000   2.250   2.500   
  2.750   3.000   3.250   3.500   3.750   4.000   4.250   4.500   4.750   5.000   5.250   5.500   5.750   6.000   
  6.250   6.500   6.750   7.000   7.250   7.500   7.750   8.000   8.250   8.500   8.750   9.000   9.250   9.500   
  9.750   10.000  10.250  10.500  10.750  11.000  11.250  11.500  11.750  12.000  12.250  12.500  12.750  13.000  
  13.250  13.500  13.750  14.000  14.250  14.500  14.750  15.000  15.250  15.500  15.750  16.000  16.250  16.500  
  16.750  17.000  17.250  17.500  17.750  18.000  18.250  18.500  18.750  19.000  19.250  19.500  19.750  20.000  
  20.250  20.500  20.750  21.000  21.250  21.500  21.750  22.000  22.250  22.500  22.750  23.000  23.250  23.500  
  23.750  24.000  24.250  24.500  24.750  25.000  25.250  25.500  25.750  26.000  26.250  26.500  26.750  27.000  
  27.250  27.500  27.750  28.000  28.250  28.500  28.750  29.000  29.250  29.500  29.750  30.000  30.250  30.500  
  30.750  31.000  31.250  31.500  31.750  32.000  32.250  32.500  32.750  33.000  33.250  33.500  33.750  34.000  
  34.250  34.500  34.750  35.000  35.250  35.500  35.750  36.000  36.250  36.500  36.750  37.000  37.250  37.500  
  37.750  38.000  38.250  38.500  38.750  39.000  39.250  39.500  39.750  40.000  40.250  40.500  40.750  41.000  
  41.250  41.500  41.750  42.000  42.250  42.500  42.750  43.000  43.250  43.500  43.750  44.000  44.250  44.500  
  44.750  45.000  45.250  45.500  45.750  46.000  46.250  46.500  46.750  47.000  47.250  47.500  47.750  48.000  
  48.250  48.500  48.750  49.000  49.250  49.500  49.750  50.000  50.500  51.500  53.500  58.500  68.500  88.500  
  138.500 238.500  << xx

  0.0  0.0  0.0  0.0  0.0  0.0  0.0  0.0  0.0  0.0  0.0  0.0  0.0  0.0  0.0  0.0  0.0  0.0  0.0  0.0  
  0.0  0.0  0.0  0.0  0.0  0.0  0.0  0.0  0.0  0.0  0.0  0.0  0.0  0.0  0.0  0.0  0.0  0.0  0.0  0.0  
  0.0  0.0  0.0  0.0  0.0  0.0  0.0  0.0  0.0  0.0  0.0  0.0  0.0  0.0  0.0  0.0  0.0  0.0  0.0  0.0  
  0.0  0.0  0.0  0.0  0.0  0.0  0.0  0.0  0.0  0.0  0.0  0.0  0.0  0.0  0.0  0.0  0.0  0.0  0.0  0.0  
  0.0  0.0  0.0  0.0  0.0  0.0  0.0  0.0  0.0  0.0  0.0  0.0  0.0  0.0  0.0  0.0  0.0  0.0  0.0  0.0  
  0.0  0.0  0.0  0.0  0.0  0.0  0.0  0.0  0.0  0.0  0.0  0.0  0.0  0.0  0.0  0.0  0.0  0.0  0.0  0.0  
  0.0  0.0  0.0  0.0  0.0  0.0  0.0  0.0  0.0  0.0  0.0  0.0  0.0  0.0  0.0  0.0  0.0  0.0  0.0  0.0  
  0.0  0.0  0.0  0.0  0.0  0.0  0.0  0.0  0.0  0.0  0.0  0.0  0.0  0.0  0.0  0.0  0.0  0.0  0.0  0.0  
  0.0  0.0  0.0  0.0  0.0  0.0  0.0  0.0  0.0  0.0  0.0  0.0  0.0  0.0  0.0  0.0  0.0  0.0  0.0  0.0  
  0.0  0.0  0.0  0.0  0.0  0.0  0.0  0.0  0.0  0.0  0.0  0.0  0.0  0.0  0.0  0.0  0.0  0.0  0.0  0.0  
  0.0  0.0  0.0  0.0  0.0  0.0  0.0  0.0  0.0  0.0  0.0  0.0  0.0  0.0  0.0  0.0  0.0  0.0  0.0  0.0  
  0.0  0.0  0.0  0.0  0.0  << topog


  0.000   0.250   0.500   0.750   1.000   1.250   1.500   1.750   2.000   2.250   2.500   2.750   3.000   3.250   
  3.500   3.750   4.000   4.250   4.500   4.750   5.000   5.250   5.500   5.750   6.000   6.250   6.500   6.750   
  7.000   7.250   7.500   7.750   8.000   8.250   8.500   8.750   9.000   9.250   9.500   9.750   10.000  10.500  
  11.500  13.500  18.500  28.500  48.500  98.500  198.500    << yy                                                                                                                                                                                                                                                                                                                                                                                                                                                                                                                                                                                                                                                                                                                                                                                                                                                                                                                                                                                                                                                                                                                                                                                             
      

    1 << num_regions
         1      10752   100.000 << elem_1,elem_2,value    
  
  
      4    4  << no. patches in x, no. patches in z
  
      1  0.0  << inverse_type, target_decrease
  
      1    0 << data type (0=normal;1=log), regularization type
  
    1.0    10    2    1.0  << tolerance, max_iterations, error_mod, alpha_aniso
  
  
   0.00100   0.02000   -300.0    300.0  <<  a_wgt, b_wgt, rho_min, rho_max
  
              
    0  << num_poly
  
  
  25  << num_electrodes
 1      17      1
 2      25      1
 3      33      1
 4      41      1
 5      49      1
 6      57      1
 7      65      1
 8      73      1
 9      81      1
 10     89      1
 11     97      1
 12     105     1
 13     113     1
 14     121     1
 15     129     1
 16     137     1
 17     145     1
 18     153     1
 19     161     1
 20     169     1
 21     177     1
 22     185     1
 23     193     1
 24     201     1
 25     209     1
