       0.000    1418.350
       1.210    1417.805
       2.420    1417.260
       3.630    1416.715
       4.840    1416.170
       5.970    1415.750
       7.100    1415.330
       8.230    1414.910
       9.360    1414.490
      10.487    1414.072
      11.615    1413.655
      12.742    1413.237
      13.870    1412.820
      14.850    1412.117
      15.830    1411.415
      16.810    1410.713
      17.790    1410.010
      18.828    1409.332
      19.865    1408.655
      20.902    1407.977
      21.940    1407.300
      22.955    1406.685
      23.970    1406.070
      24.985    1405.455
      26.000    1404.840
      26.962    1404.152
      27.925    1403.465
      28.888    1402.777
      29.850    1402.090
      30.870    1401.217
      31.890    1400.345
      32.910    1399.472
      33.930    1398.600
      34.730    1397.767
      35.530    1396.935
      36.330    1396.102
      37.130    1395.270
      38.090    1394.630
      39.050    1393.990
      40.010    1393.350
      40.970    1392.710
      41.850    1392.185
      42.730    1391.660
      43.610    1391.135
      44.490    1390.610
      45.420    1389.797
      46.350    1388.985
      47.280    1388.172
      48.210    1387.360
      49.308    1386.985
      50.405    1386.610
      51.502    1386.235
      52.600    1385.860
      53.635    1385.157
      54.670    1384.455
      55.705    1383.753
      56.740    1383.050
      57.598    1382.303
      58.455    1381.555
      59.312    1380.807
      60.170    1380.060
      61.248    1379.648
      62.325    1379.235
      63.403    1378.822
      64.480    1378.410
      65.278    1378.158
      66.075    1377.905
      66.873    1377.653
      67.670    1377.400
      68.830    1376.960
      69.990    1376.520
      71.150    1376.080
      72.310    1375.640
      73.210    1375.160
      74.110    1374.680
      75.010    1374.200
      75.910    1373.720
      77.123    1373.035
      78.335    1372.350
      79.547    1371.665
      80.760    1370.980
      81.808    1370.425
      82.855    1369.870
      83.903    1369.315
      84.950    1368.760
      86.050    1368.240
      87.150    1367.720
      88.250    1367.200
      89.350    1366.680
      90.447    1366.145
      91.545    1365.610
      92.642    1365.075
      93.740    1364.540
      94.705    1364.360
      95.670    1364.180
      96.635    1364.000
      97.600    1363.820
      98.732    1363.150
      99.865    1362.480
     100.998    1361.810
     102.130    1361.140
     103.310    1360.775
     104.490    1360.410
     105.670    1360.045
     106.850    1359.680
     107.962    1359.250
     109.075    1358.820
     110.188    1358.390
     111.300    1357.960
     112.472    1357.467
     113.645    1356.975
     114.817    1356.483
     115.990    1355.990
     117.185    1355.510
     118.380    1355.030
     119.575    1354.550
     120.770    1354.070
     121.855    1353.780
     122.940    1353.490
     124.025    1353.200
     125.110    1352.910
     126.312    1352.480
     127.515    1352.050
     128.718    1351.620
     129.920    1351.190
     131.100    1350.918
     132.280    1350.645
     133.460    1350.372
     134.640    1350.100
     135.915    1349.918
     137.190    1349.735
     138.465    1349.552
     139.740    1349.370
     141.010    1349.315
     142.280    1349.260
     143.550    1349.205
     144.820    1349.150
     146.077    1349.115
     147.335    1349.080
     148.593    1349.045
     149.850    1349.010
     151.093    1349.105
     152.335    1349.200
     153.577    1349.295
     154.820    1349.390
     156.077    1349.455
     157.335    1349.520
     158.593    1349.585
     159.850    1349.650
     161.113    1349.697
     162.375    1349.745
     163.637    1349.793
     164.900    1349.840
     166.155    1349.922
     167.410    1350.005
     168.665    1350.088
     169.920    1350.170
     171.177    1350.395
     172.435    1350.620
     173.692    1350.845
     174.950    1351.070
     176.170    1351.122
     177.390    1351.175
     178.610    1351.227
     179.830    1351.280
     180.930    1351.382
     182.030    1351.485
     183.130    1351.588
     184.230    1351.690
     185.305    1351.957
     186.380    1352.225
     187.455    1352.493
     188.530    1352.760
     189.810    1352.935
     191.090    1353.110
     192.370    1353.285
     193.650    1353.460
     194.845    1353.845
     196.040    1354.230
     197.235    1354.615
     198.430    1355.000
     199.713    1355.243
     200.995    1355.485
     202.278    1355.727
     203.560    1355.970
     204.700    1356.160
     205.840    1356.350
     206.980    1356.540
     208.120    1356.730
     208.120    1326.730
     206.980    1326.540
     205.840    1326.350
     204.700    1326.160
     203.560    1325.970
     202.278    1325.727
     200.995    1325.485
     199.713    1325.242
     198.430    1325.000
     197.235    1324.615
     196.040    1324.230
     194.845    1323.845
     193.650    1323.460
     192.370    1323.285
     191.090    1323.110
     189.810    1322.935
     188.530    1322.760
     187.455    1322.492
     186.380    1322.225
     185.305    1321.957
     184.230    1321.690
     183.130    1321.587
     182.030    1321.485
     180.930    1321.382
     179.830    1321.280
     178.610    1321.227
     177.390    1321.175
     176.170    1321.122
     174.950    1321.070
     173.692    1320.845
     172.435    1320.620
     171.177    1320.395
     169.920    1320.170
     168.665    1320.087
     167.410    1320.005
     166.155    1319.922
     164.900    1319.840
     163.637    1319.792
     162.375    1319.745
     161.113    1319.697
     159.850    1319.650
     158.593    1319.585
     157.335    1319.520
     156.077    1319.455
     154.820    1319.390
     153.577    1319.295
     152.335    1319.200
     151.093    1319.105
     149.850    1319.010
     148.593    1319.045
     147.335    1319.080
     146.077    1319.115
     144.820    1319.150
     143.550    1319.205
     142.280    1319.260
     141.010    1319.315
     139.740    1319.370
     138.465    1319.552
     137.190    1319.735
     135.915    1319.917
     134.640    1320.100
     133.460    1320.372
     132.280    1320.645
     131.100    1320.917
     129.920    1321.190
     128.718    1321.620
     127.515    1322.050
     126.312    1322.480
     125.110    1322.910
     124.025    1323.200
     122.940    1323.490
     121.855    1323.780
     120.770    1324.070
     119.575    1324.550
     118.380    1325.030
     117.185    1325.510
     115.990    1325.990
     114.817    1326.482
     113.645    1326.975
     112.472    1327.467
     111.300    1327.960
     110.188    1328.390
     109.075    1328.820
     107.962    1329.250
     106.850    1329.680
     105.670    1330.045
     104.490    1330.410
     103.310    1330.775
     102.130    1331.140
     100.998    1331.810
      99.865    1332.480
      98.732    1333.150
      97.600    1333.820
      96.635    1334.000
      95.670    1334.180
      94.705    1334.360
      93.740    1334.540
      92.642    1335.075
      91.545    1335.610
      90.447    1336.145
      89.350    1336.680
      88.250    1337.200
      87.150    1337.720
      86.050    1338.240
      84.950    1338.760
      83.903    1339.315
      82.855    1339.870
      81.808    1340.425
      80.760    1340.980
      79.547    1341.665
      78.335    1342.350
      77.123    1343.035
      75.910    1343.720
      75.010    1344.200
      74.110    1344.680
      73.210    1345.160
      72.310    1345.640
      71.150    1346.080
      69.990    1346.520
      68.830    1346.960
      67.670    1347.400
      66.873    1347.652
      66.075    1347.905
      65.278    1348.157
      64.480    1348.410
      63.403    1348.822
      62.325    1349.235
      61.248    1349.647
      60.170    1350.060
      59.312    1350.807
      58.455    1351.555
      57.598    1352.302
      56.740    1353.050
      55.705    1353.752
      54.670    1354.455
      53.635    1355.157
      52.600    1355.860
      51.502    1356.235
      50.405    1356.610
      49.308    1356.985
      48.210    1357.360
      47.280    1358.172
      46.350    1358.985
      45.420    1359.797
      44.490    1360.610
      43.610    1361.135
      42.730    1361.660
      41.850    1362.185
      40.970    1362.710
      40.010    1363.350
      39.050    1363.990
      38.090    1364.630
      37.130    1365.270
      36.330    1366.102
      35.530    1366.935
      34.730    1367.767
      33.930    1368.600
      32.910    1369.472
      31.890    1370.345
      30.870    1371.217
      29.850    1372.090
      28.888    1372.777
      27.925    1373.465
      26.962    1374.152
      26.000    1374.840
      24.985    1375.455
      23.970    1376.070
      22.955    1376.685
      21.940    1377.300
      20.902    1377.977
      19.865    1378.655
      18.828    1379.332
      17.790    1380.010
      16.810    1380.712
      15.830    1381.415
      14.850    1382.117
      13.870    1382.820
      12.742    1383.237
      11.615    1383.655
      10.487    1384.072
       9.360    1384.490
       8.230    1384.910
       7.100    1385.330
       5.970    1385.750
       4.840    1386.170
       3.630    1386.715
       2.420    1387.260
       1.210    1387.805
       0.000    1388.350
       0.000    1418.350