170408 Chenqi                                        

    0    4  3.0    0    1

               209                25 <<< numnp_x   numnp_y

     -61.335     -46.074     -34.334     -25.304     -18.358     -13.014      -8.904      -5.742      -3.310      -1.439
       0.000       1.210       2.420       3.630       4.840       5.970       7.100       8.230       9.360      10.487
      11.615      12.742      13.870      14.850      15.830      16.810      17.790      18.828      19.865      20.902
      21.940      22.955      23.970      24.985      26.000      26.962      27.925      28.888      29.850      30.870
      31.890      32.910      33.930      34.730      35.530      36.330      37.130      38.090      39.050      40.010
      40.970      41.850      42.730      43.610      44.490      45.420      46.350      47.280      48.210      49.308
      50.405      51.502      52.600      53.635      54.670      55.705      56.740      57.598      58.455      59.312
      60.170      61.248      62.325      63.403      64.480      65.278      66.075      66.873      67.670      68.830
      69.990      71.150      72.310      73.210      74.110      75.010      75.910      77.123      78.335      79.547
      80.760      81.808      82.855      83.903      84.950      86.050      87.150      88.250      89.350      90.447
      91.545      92.642      93.740      94.705      95.670      96.635      97.600      98.732      99.865     100.998
     102.130     103.310     104.490     105.670     106.850     107.962     109.075     110.188     111.300     112.472
     113.645     114.817     115.990     117.185     118.380     119.575     120.770     121.855     122.940     124.025
     125.110     126.312     127.515     128.718     129.920     131.100     132.280     133.460     134.640     135.915
     137.190     138.465     139.740     141.010     142.280     143.550     144.820     146.077     147.335     148.593
     149.850     151.093     152.335     153.577     154.820     156.077     157.335     158.593     159.850     161.113
     162.375     163.637     164.900     166.155     167.410     168.665     169.920     171.177     172.435     173.692
     174.950     176.170     177.390     178.610     179.830     180.930     182.030     183.130     184.230     185.305
     186.380     187.455     188.530     189.810     191.090     192.370     193.650     194.845     196.040     197.235
     198.430     199.713     200.995     202.278     203.560     204.700     205.840     206.980     208.120     209.559
     211.430     213.862     217.024     221.134     226.478     233.424     242.454     254.194     269.455
 
    1418.350    1418.350    1418.350    1418.350    1418.350    1418.350    1418.350    1418.350    1418.350    1418.350
    1418.350    1417.805    1417.260    1416.715    1416.170    1415.750    1415.330    1414.910    1414.490    1414.072
    1413.655    1413.237    1412.820    1412.117    1411.415    1410.713    1410.010    1409.332    1408.655    1407.977
    1407.300    1406.685    1406.070    1405.455    1404.840    1404.152    1403.465    1402.777    1402.090    1401.217
    1400.345    1399.472    1398.600    1397.767    1396.935    1396.102    1395.270    1394.630    1393.990    1393.350
    1392.710    1392.185    1391.660    1391.135    1390.610    1389.797    1388.985    1388.172    1387.360    1386.985
    1386.610    1386.235    1385.860    1385.157    1384.455    1383.753    1383.050    1382.303    1381.555    1380.807
    1380.060    1379.648    1379.235    1378.822    1378.410    1378.158    1377.905    1377.653    1377.400    1376.960
    1376.520    1376.080    1375.640    1375.160    1374.680    1374.200    1373.720    1373.035    1372.350    1371.665
    1370.980    1370.425    1369.870    1369.315    1368.760    1368.240    1367.720    1367.200    1366.680    1366.145
    1365.610    1365.075    1364.540    1364.360    1364.180    1364.000    1363.820    1363.150    1362.480    1361.810
    1361.140    1360.775    1360.410    1360.045    1359.680    1359.250    1358.820    1358.390    1357.960    1357.467
    1356.975    1356.483    1355.990    1355.510    1355.030    1354.550    1354.070    1353.780    1353.490    1353.200
    1352.910    1352.480    1352.050    1351.620    1351.190    1350.918    1350.645    1350.372    1350.100    1349.918
    1349.735    1349.552    1349.370    1349.315    1349.260    1349.205    1349.150    1349.115    1349.080    1349.045
    1349.010    1349.105    1349.200    1349.295    1349.390    1349.455    1349.520    1349.585    1349.650    1349.697
    1349.745    1349.793    1349.840    1349.922    1350.005    1350.088    1350.170    1350.395    1350.620    1350.845
    1351.070    1351.122    1351.175    1351.227    1351.280    1351.382    1351.485    1351.588    1351.690    1351.957
    1352.225    1352.493    1352.760    1352.935    1353.110    1353.285    1353.460    1353.845    1354.230    1354.615
    1355.000    1355.243    1355.485    1355.727    1355.970    1356.160    1356.350    1356.540    1356.730    1356.730
    1356.730    1356.730    1356.730    1356.730    1356.730    1356.730    1356.730    1356.730    1356.730
 
       0.000       0.343       0.755       1.249       1.842       2.553       3.407       4.431       5.661       7.136
       8.906      11.030      13.579      16.638      20.309      24.714      30.000      36.343      43.955      53.089
      64.050      77.203      92.986     111.927     134.655

    0 << num_regions
resistivity.dat

     0 << num_poly


      48 << num_electrodes
       1      11       1
       2      15       1
       3      19       1
       4      23       1
       5      27       1
       6      31       1
       7      35       1
       8      39       1
       9      43       1
      10      47       1
      11      51       1
      12      55       1
      13      59       1
      14      63       1
      15      67       1
      16      71       1
      17      75       1
      18      79       1
      19      83       1
      20      87       1
      21      91       1
      22      95       1
      23      99       1
      24     103       1
      25     107       1
      26     111       1
      27     115       1
      28     119       1
      29     123       1
      30     127       1
      31     131       1
      32     135       1
      33     139       1
      34     143       1
      35     147       1
      36     151       1
      37     155       1
      38     159       1
      39     163       1
      40     167       1
      41     171       1
      42     175       1
      43     179       1
      44     183       1
      45     187       1
      46     191       1
      47     195       1
      48     199       1
