 Forward model for 15m spaced cross borehole problem in Fig 5.12 of Binley&Kemna(2005)

    0    4  3.0    0    0
        
        89        73  << numnp_x, numnp_z
 
   -50.746   -33.306   -23.048    -17.013   -13.464   -11.376   -10.147    -9.425
    -9.000    -8.750    -8.500    -8.250    -8.000    -7.750    -7.500    -7.250
    -7.000    -6.750    -6.500    -6.250    -6.000    -5.750    -5.500    -5.250
    -5.000    -4.750    -4.500    -4.250    -4.000    -3.750    -3.500    -3.250
    -3.000    -2.750    -2.500    -2.250    -2.000    -1.750    -1.500    -1.250
    -1.000    -0.750    -0.500    -0.250     0.000     0.250     0.500     0.750
     1.000     1.250     1.500     1.750     2.000     2.250     2.500     2.750
     3.000     3.250     3.500     3.750     4.000     4.250    4.500      4.750
     5.000     5.250     5.500     5.750     6.000     6.250    6.500      6.750
     7.000     7.250     7.500     7.750     8.000     8.250	8.500	   8.750
	 9.000	   9.425	10.147    11.376    13.464    17.013   23.048     33.306
	50.746

       8.0       8.0       8.0       8.0       8.0       8.0       8.0       8.0
       8.0       8.0       8.0       8.0       8.0       8.0       8.0       8.0
       8.0       8.0       8.0       8.0       8.0       8.0       8.0       8.0
       8.0       8.0       8.0       8.0       8.0       8.0       8.0       8.0
       8.0       8.0       8.0       8.0       8.0       8.0       8.0       8.0
       8.0       8.0       8.0       8.0       8.0       8.0       8.0       8.0
       8.0       8.0       8.0       8.0       8.0       8.0       8.0       8.0
       8.0       8.0       8.0       8.0       8.0       8.0       8.0       8.0
       8.0       8.0       8.0       8.0       8.0       8.0       8.0       8.0
       8.0       8.0       8.0       8.0       8.0       8.0       8.0       8.0
       8.0       8.0       8.0       8.0       8.0   	 8.0       8.0       8.0
       8.0    	

     0.000     0.250     0.500     0.750     1.000     1.250     1.500     1.750
     2.000     2.250     2.500     2.750     3.000     3.250     3.500     3.750
     4.000     4.250     4.500     4.750     5.000     5.250     5.500     5.750
     6.000     6.250     6.500     6.750     7.000     7.250     7.500     7.750
     8.000     8.250     8.500     8.750     9.000     9.250     9.500     9.750
    10.000    10.250    10.500    10.750    11.000    11.250    11.500    11.750
    12.000    12.250    12.500    12.750    13.000    13.250    13.500    13.750
    14.000    14.250    14.500    14.750    15.000    15.250    15.500    15.750
    16.000    16.425    17.147    18.376    20.464    24.013    30.048    40.306
    57.746
        

    0 << num_regions
resistivity.dat 

   0 << num_poly


   32  << num_electrodes
 1      17      61
 2      17      57
 3      17      53
 4      17      49
 5      17      45
 6      17      41
 7      17      37
 8      17      33
 9      17      29
 10     17      25
 11     17      21
 12     17      17
 13     17      13
 14     17      9
 15     17      5
 16     17      1
 17     73      61
 18     73      57
 19     73      53
 20     73      49
 21     73      45
 22     73      41
 23     73      37
 24     73      33
 25     73      29
 26     73      25
 27     73      21
 28     73      17
 29     73      13
 30     73      9
 31     73      5
 32     73      1
