Borth                                                                           

    0    4  3.0    0    1

               209                39 <<< numnp_x   numnp_y

     -27.703     -20.810     -15.507     -11.429      -8.291      -5.878      -4.022      -2.593      -1.495      -0.650
       0.000       0.500       1.000       1.500       2.000       2.500       3.000       3.500       4.000       4.500
       5.000       5.500       6.000       6.500       7.000       7.500       8.000       8.500       9.000       9.500
      10.000      10.500      11.000      11.500      12.000      12.500      13.000      13.500      14.000      14.500
      15.000      15.500      16.000      16.500      17.000      17.500      18.000      18.500      19.000      19.500
      20.000      20.500      21.000      21.500      22.000      22.500      23.000      23.500      24.000      24.500
      25.000      25.500      26.000      26.500      27.000      27.500      28.000      28.500      29.000      29.500
      30.000      30.500      31.000      31.500      32.000      32.500      33.000      33.500      34.000      34.500
      35.000      35.500      36.000      36.500      37.000      37.500      38.000      38.500      39.000      39.500
      40.000      40.500      41.000      41.500      42.000      42.500      43.000      43.500      44.000      44.500
      45.000      45.500      46.000      46.500      47.000      47.500      48.000      48.500      49.000      49.500
      50.000      50.500      51.000      51.500      52.000      52.500      53.000      53.500      54.000      54.500
      55.000      55.500      56.000      56.500      57.000      57.500      58.000      58.500      59.000      59.500
      60.000      60.500      61.000      61.500      62.000      62.500      63.000      63.500      64.000      64.500
      65.000      65.500      66.000      66.500      67.000      67.500      68.000      68.500      69.000      69.500
      70.000      70.500      71.000      71.500      72.000      72.500      73.000      73.500      74.000      74.500
      75.000      75.500      76.000      76.500      77.000      77.500      78.000      78.500      79.000      79.500
      80.000      80.500      81.000      81.500      82.000      82.500      83.000      83.500      84.000      84.500
      85.000      85.500      86.000      86.500      87.000      87.500      88.000      88.500      89.000      89.500
      90.000      90.500      91.000      91.500      92.000      92.500      93.000      93.500      94.000      94.650
      95.495      96.593      98.022      99.878     102.291     105.429     109.507     114.810     121.703
 
       0.000       0.000       0.000       0.000       0.000       0.000       0.000       0.000       0.000       0.000
       0.000       0.000       0.000       0.000       0.000       0.000       0.000       0.000       0.000       0.000
       0.000       0.000       0.000       0.000       0.000       0.000       0.000       0.000       0.000       0.000
       0.000       0.000       0.000       0.000       0.000       0.000       0.000       0.000       0.000       0.000
       0.000       0.000       0.000       0.000       0.000       0.000       0.000       0.000       0.000       0.000
       0.000       0.000       0.000       0.000       0.000       0.000       0.000       0.000       0.000       0.000
       0.000       0.000       0.000       0.000       0.000       0.000       0.000       0.000       0.000       0.000
       0.000       0.000       0.000       0.000       0.000       0.000       0.000       0.000       0.000       0.000
       0.000       0.000       0.000       0.000       0.000       0.000       0.000       0.000       0.000       0.000
       0.000       0.000       0.000       0.000       0.000       0.000       0.000       0.000       0.000       0.000
       0.000       0.000       0.000       0.000       0.000       0.000       0.000       0.000       0.000       0.000
       0.000       0.000       0.000       0.000       0.000       0.000       0.000       0.000       0.000       0.000
       0.000       0.000       0.000       0.000       0.000       0.000       0.000       0.000       0.000       0.000
       0.000       0.000       0.000       0.000       0.000       0.000       0.000       0.000       0.000       0.000
       0.000       0.000       0.000       0.000       0.000       0.000       0.000       0.000       0.000       0.000
       0.000       0.000       0.000       0.000       0.000       0.000       0.000       0.000       0.000       0.000
       0.000       0.000       0.000       0.000       0.000       0.000       0.000       0.000       0.000       0.000
       0.000       0.000       0.000       0.000       0.000       0.000       0.000       0.000       0.000       0.000
       0.000       0.000       0.000       0.000       0.000       0.000       0.000       0.000       0.000       0.000
       0.000       0.000       0.000       0.000       0.000       0.000       0.000       0.000       0.000       0.000
       0.000       0.000       0.000       0.000       0.000       0.000       0.000       0.000       0.000
 
       0.00    0.50    1.00    1.50    2.00    2.50    3.00    3.50    4.00    4.50    5.00    5.50    6.00    6.50    7.00    
       7.50    8.00    8.50    9.00    9.50    10.00   10.50   11.00   11.50   12.00   12.50   13.00   13.50   14.00   14.75   
       15.88   17.56   20.09   23.89   29.59   38.13   50.94   70.17   99.00


    0 << num_regions
resistivity.dat

     0 << num_poly
 

      48 << num_electrodes
       1      11       1
       2      15       1
       3      19       1
       4      23       1
       5      27       1
       6      31       1
       7      35       1
       8      39       1
       9      43       1
      10      47       1
      11      51       1
      12      55       1
      13      59       1
      14      63       1
      15      67       1
      16      71       1
      17      75       1
      18      79       1
      19      83       1
      20      87       1
      21      91       1
      22      95       1
      23      99       1
      24     103       1
      25     107       1
      26     111       1
      27     115       1
      28     119       1
      29     123       1
      30     127       1
      31     131       1
      32     135       1
      33     139       1
      34     143       1
      35     147       1
      36     151       1
      37     155       1
      38     159       1
      39     163       1
      40     167       1
      41     171       1
      42     175       1
      43     179       1
      44     183       1
      45     187       1
      46     191       1
      47     195       1
      48     199       1
