         397
    1      1      2      3      4   -0.2591697420E+01       97.70469
    2      1      2      4      5   -0.6583172112E+00       99.27190
    3      1      2      5      6   -0.2643966547E+00       99.67519
    4      1      2      6      7   -0.1325162285E+00       99.91488
    5      1      2      7      8   -0.7582657218E-01      100.05080
    6      1      2      8      9   -0.4738090853E-01      100.02822
    7      1      2      9     10   -0.3154273855E-01       99.88719
    8      1      2     10     11   -0.2204036315E-01       99.70825
    9      1      2     11     12   -0.1600350440E-01       99.54745
   10      1      2     12     13   -0.1198770589E-01       99.42369
   11      2      3      4      5   -0.2589557591E+01       97.62402
   12      2      3      5      6   -0.6577332772E+00       99.18384
   13      2      3      6      7   -0.2641750948E+00       99.59166
   14      2      3      7      8   -0.1324136738E+00       99.83756
   15      2      3      8      9   -0.7577218732E-01       99.97905
   16      2      3      9     10   -0.4734898075E-01       99.96081
   17      2      3     10     11   -0.3152237063E-01       99.82269
   18      2      3     11     12   -0.2202639149E-01       99.64505
   19      2      3     12     13   -0.1599327341E-01       99.48381
   20      2      3     13     14   -0.1197976166E-01       99.35780
   21      3      4      5      6   -0.2589337034E+01       97.61571
   22      3      4      6      7   -0.6576318552E+00       99.16855
   23      3      4      7      8   -0.2641219176E+00       99.57162
   24      3      4      8      9   -0.1323829900E+00       99.81442
   25      3      4      9     10   -0.7575307219E-01       99.95382
   26      3      4     10     11   -0.4733625170E-01       99.93394
   27      3      4     11     12   -0.3151335886E-01       99.79415
   28      3      4     12     13   -0.2201963420E-01       99.61448
   29      3      4     13     14   -0.1598792795E-01       99.45056
   30      3      4     14     15   -0.1197532242E-01       99.32098
   31      4      5      6      7   -0.2589284561E+01       97.61373
   32      4      5      7      8   -0.6576019720E+00       99.16404
   33      4      5      8      9   -0.2641036619E+00       99.56473
   34      4      5      9     10   -0.1323711514E+00       99.80550
   35      4      5     10     11   -0.7574496237E-01       99.94312
   36      4      5     11     12   -0.4733039369E-01       99.92157
   37      4      5     12     13   -0.3150890006E-01       99.78003
   38      4      5     13     14   -0.2201606202E-01       99.59832
   39      4      5     14     15   -0.1598492376E-01       99.43188
   40      4      5     15     16   -0.1197268262E-01       99.29909
   41      5      6      7      8   -0.2589266807E+01       97.61306
   42      5      6      8      9   -0.6575907085E+00       99.16234
   43      5      6      9     10   -0.2640961729E+00       99.56191
   44      5      6     10     11   -0.1323659404E+00       99.80157
   45      5      6     11     12   -0.7574116228E-01       99.93811
   46      5      6     12     13   -0.4732748148E-01       99.91542
   47      5      6     13     14   -0.3150654950E-01       99.77259
   48      5      6     14     15   -0.2201406410E-01       99.58928
   49      5      6     15     16   -0.1598314165E-01       99.42079
   50      5      6     16     17   -0.1197102530E-01       99.28534
   51      6      7      8      9   -0.2589259681E+01       97.61279
   52      6      7      9     10   -0.6575859163E+00       99.16162
   53      6      7     10     11   -0.2640928276E+00       99.56065
   54      6      7     11     12   -0.1323635046E+00       99.79973
   55      6      7     12     13   -0.7573929919E-01       99.93565
   56      6      7     13     14   -0.4732597415E-01       99.91224
   57      6      7     14     15   -0.3150525532E-01       99.76849
   58      6      7     15     16   -0.2201288782E-01       99.58396
   59      6      7     16     17   -0.1598201896E-01       99.41381
   60      6      7     17     18   -0.1196991253E-01       99.27612
   61      7      8      9     10   -0.2589256603E+01       97.61267
   62      7      8     10     11   -0.6575837898E+00       99.16130
   63      7      8     11     12   -0.2640913021E+00       99.56008
   64      7      8     12     13   -0.1323623526E+00       99.79886
   65      7      8     13     14   -0.7573837016E-01       99.93443
   66      7      8     14     15   -0.4732516691E-01       99.91054
   67      7      8     15     16   -0.3150450111E-01       99.76610
   68      7      8     16     17   -0.2201213965E-01       99.58057
   69      7      8     17     18   -0.1598124474E-01       99.40899
   70      7      8     18     19   -0.1196909043E-01       99.26930
   71      8      9     10     11   -0.2589255276E+01       97.61262
   72      8      9     11     12   -0.6575828688E+00       99.16116
   73      8      9     12     13   -0.2640906265E+00       99.55982
   74      8      9     13     14   -0.1323618134E+00       99.79846
   75      8      9     14     15   -0.7573789256E-01       99.93379
   76      8      9     15     16   -0.4732469941E-01       99.90955
   77      8      9     16     17   -0.3150400816E-01       99.76454
   78      8      9     17     18   -0.2201159681E-01       99.57812
   79      8      9     18     19   -0.1598063537E-01       99.40520
   80      9     10     11     12   -0.2589254750E+01       97.61260
   81      9     10     12     13   -0.6575825043E+00       99.16111
   82      9     10     13     14   -0.2640903414E+00       99.55971
   83      9     10     14     15   -0.1323615503E+00       99.79826
   84      9     10     15     16   -0.7573761135E-01       99.93342
   85      9     10     16     17   -0.4732437219E-01       99.90886
   86      9     10     17     18   -0.3150361561E-01       99.76330
   87      9     10     18     19   -0.2201112574E-01       99.57599
   88      9     10     19     20   -0.1598007693E-01       99.40173
   89     10     11     12     13   -0.2589254578E+01       97.61260
   90     10     11     13     14   -0.6575823746E+00       99.16109
   91     10     11     14     15   -0.2640902078E+00       99.55966
   92     10     11     15     16   -0.1323613804E+00       99.79813
   93     10     11     16     17   -0.7573738244E-01       99.93312
   94     10     11     17     18   -0.4732406833E-01       99.90822
   95     10     11     18     19   -0.3150322586E-01       99.76207
   96     10     11     19     20   -0.2201064272E-01       99.57380
   97     10     11     20     21   -0.1597949581E-01       99.39811
   98     10     11     21     22   -0.1196706958E-01       99.25254
   99     11     12     13     14   -0.2589254532E+01       97.61260
  100     11     12     14     15   -0.6575823076E+00       99.16108
  101     11     12     15     16   -0.2640900932E+00       99.55962
  102     11     12     16     17   -0.1323611989E+00       99.79799
  103     11     12     17     18   -0.7573712029E-01       99.93278
  104     11     12     18     19   -0.4732371611E-01       99.90748
  105     11     12     19     20   -0.3150277708E-01       99.76064
  106     11     12     20     21   -0.2201009303E-01       99.57132
  107     11     12     21     22   -0.1597884236E-01       99.39405
  108     11     12     22     23   -0.1196631053E-01       99.24624
  109     12     13     14     15   -0.2589254484E+01       97.61259
  110     12     13     15     16   -0.6575822062E+00       99.16106
  111     12     13     16     17   -0.2640899203E+00       99.55955
  112     12     13     17     18   -0.1323609425E+00       99.79780
  113     12     13     18     19   -0.7573677185E-01       99.93232
  114     12     13     19     20   -0.4732326958E-01       99.90653
  115     12     13     20     21   -0.3150222828E-01       99.75891
  116     12     13     21     22   -0.2200943909E-01       99.56836
  117     12     13     22     23   -0.1597808126E-01       99.38931
  118     12     13     23     24   -0.1196544077E-01       99.23903
  119     13     14     15     16   -0.2589254364E+01       97.61259
  120     13     14     16     17   -0.6575820127E+00       99.16103
  121     13     14     17     18   -0.2640896422E+00       99.55945
  122     13     14     18     19   -0.1323605717E+00       99.79752
  123     13     14     19     20   -0.7573630254E-01       99.93170
  124     13     14     20     21   -0.4732269759E-01       99.90533
  125     13     14     21     22   -0.3150155054E-01       99.75676
  126     13     14     22     23   -0.2200865326E-01       99.56480
  127     13     14     23     24   -0.1597718545E-01       99.38374
  128     14     15     16     17   -0.2589254128E+01       97.61258
  129     14     15     17     18   -0.6575816916E+00       99.16098
  130     14     15     18     19   -0.2640892287E+00       99.55929
  131     14     15     19     20   -0.1323600599E+00       99.79713
  132     14     15     20     21   -0.7573568823E-01       99.93089
  133     14     15     21     22   -0.4732197732E-01       99.90380
  134     14     15     22     23   -0.3150072158E-01       99.75414
  135     14     15     23     24   -0.2200771326E-01       99.56055
  136     14     15     24     25   -0.1597613221E-01       99.37719
  137     14     15     25     26   -0.1196326462E-01       99.22098
  138     15     16     17     18   -0.2589253748E+01       97.61257
  139     15     16     18     19   -0.6575812194E+00       99.16091
  140     15     16     19     20   -0.2640886589E+00       99.55908
  141     15     16     20     21   -0.1323593880E+00       99.79663
  142     15     16     21     22   -0.7573491023E-01       99.92986
  143     15     16     22     23   -0.4732109011E-01       99.90193
  144     15     16     23     24   -0.3149972228E-01       99.75097
  145     15     16     24     25   -0.2200659910E-01       99.55551
  146     15     16     25     26   -0.1597490035E-01       99.36953
  147     15     16     26     27   -0.1196191203E-01       99.20976
  148     16     17     18     19   -0.2589253204E+01       97.61255
  149     16     17     19     20   -0.6575805792E+00       99.16082
  150     16     17     20     21   -0.2640879168E+00       99.55880
  151     16     17     21     22   -0.1323585397E+00       99.79599
  152     16     17     22     23   -0.7573395212E-01       99.92860
  153     16     17     23     24   -0.4732001871E-01       99.89967
  154     16     17     24     25   -0.3149853421E-01       99.74721
  155     16     17     25     26   -0.2200529085E-01       99.54959
  156     16     17     26     27   -0.1597346821E-01       99.36062
  157     16     17     27     28   -0.1196035192E-01       99.19682
  158     17     18     19     20   -0.2589252483E+01       97.61252
  159     17     18     20     21   -0.6575797566E+00       99.16069
  160     17     18     21     22   -0.2640869877E+00       99.55845
  161     17     18     22     23   -0.1323574999E+00       99.79520
  162     17     18     23     24   -0.7573279751E-01       99.92707
  163     17     18     24     25   -0.4731874529E-01       99.89698
  164     17     18     25     26   -0.3149713778E-01       99.74279
  165     17     18     26     27   -0.2200376697E-01       99.54270
  166     17     18     27     28   -0.1597181203E-01       99.35032
  167     17     18     28     29   -0.1195855809E-01       99.18194
  168     18     19     20     21   -0.2589251572E+01       97.61248
  169     18     19     21     22   -0.6575787376E+00       99.16054
  170     18     19     22     23   -0.2640858567E+00       99.55802
  171     18     19     23     24   -0.1323562522E+00       99.79426
  172     18     19     24     25   -0.7573142843E-01       99.92527
  173     18     19     25     26   -0.4731724991E-01       99.89382
  174     18     19     26     27   -0.3149551088E-01       99.73763
  175     18     19     27     28   -0.2200200289E-01       99.53472
  176     18     19     28     29   -0.1596990457E-01       99.33845
  177     18     19     29     30   -0.1195650041E-01       99.16488
  178     19     20     21     22   -0.2589250455E+01       97.61244
  179     19     20     22     23   -0.6575775069E+00       99.16035
  180     19     20     23     24   -0.2640845069E+00       99.55751
  181     19     20     24     25   -0.1323547779E+00       99.79315
  182     19     20     25     26   -0.7572982397E-01       99.92315
  183     19     20     26     27   -0.4731550926E-01       99.89015
  184     19     20     27     28   -0.3149362753E-01       99.73167
  185     19     20     28     29   -0.2199996975E-01       99.52552
  186     19     20     29     30   -0.1596771384E-01       99.32482
  187     19     20     30     31   -0.1195414350E-01       99.14533
  188     20     21     22     23   -0.2589249116E+01       97.61239
  189     20     21     23     24   -0.6575760465E+00       99.16013
  190     20     21     24     25   -0.2640829183E+00       99.55691
  191     20     21     25     26   -0.1323530546E+00       99.79185
  192     20     21     26     27   -0.7572795913E-01       99.92069
  193     20     21     27     28   -0.4731349545E-01       99.88590
  194     20     21     28     29   -0.3149145673E-01       99.72480
  195     20     21     29     30   -0.2199763313E-01       99.51495
  196     20     21     30     31   -0.1596520174E-01       99.30920
  197     20     21     31     32   -0.1195144529E-01       99.12295
  198     21     22     23     24   -0.2589247537E+01       97.61233
  199     21     22     24     25   -0.6575743347E+00       99.15987
  200     21     22     25     26   -0.2640810665E+00       99.55622
  201     21     22     26     27   -0.1323510551E+00       99.79034
  202     21     22     27     28   -0.7572580364E-01       99.91784
  203     21     22     28     29   -0.4731117487E-01       99.88100
  204     21     22     29     30   -0.3148896116E-01       99.71689
  205     21     22     30     31   -0.2199495177E-01       99.50282
  206     21     22     31     32   -0.1596232272E-01       99.29129
  207     21     22     32     33   -0.1194835554E-01       99.09733
  208     22     23     24     25   -0.2589245693E+01       97.61226
  209     22     23     25     26   -0.6575723448E+00       99.15957
  210     22     23     26     27   -0.2640789219E+00       99.55541
  211     22     23     27     28   -0.1323487465E+00       99.78860
  212     22     23     28     29   -0.7572332079E-01       99.91457
  213     22     23     29     30   -0.4730850684E-01       99.87537
  214     22     23     30     31   -0.3148609589E-01       99.70782
  215     22     23     31     32   -0.2199187606E-01       99.48890
  216     22     23     32     33   -0.1595902208E-01       99.27076
  217     22     23     33     34   -0.1194481408E-01       99.06795
  218     23     24     25     26   -0.2589243555E+01       97.61218
  219     23     24     26     27   -0.6575700439E+00       99.15923
  220     23     24     27     28   -0.2640764481E+00       99.55448
  221     23     24     28     29   -0.1323460883E+00       99.78660
  222     23     24     29     30   -0.7572046612E-01       99.91080
  223     23     24     30     31   -0.4730544223E-01       99.86890
  224     23     24     31     32   -0.3148280673E-01       99.69740
  225     23     24     32     33   -0.2198834631E-01       99.47294
  226     23     24     33     34   -0.1595523416E-01       99.24720
  227     23     24     34     35   -0.1194074872E-01       99.03424
  228     24     25     26     27   -0.2589241087E+01       97.61209
  229     24     25     27     28   -0.6575673924E+00       99.15883
  230     24     25     28     29   -0.2640736009E+00       99.55340
  231     24     25     29     30   -0.1323430320E+00       99.78430
  232     24     25     30     31   -0.7571718580E-01       99.90647
  233     24     25     31     32   -0.4730192176E-01       99.86146
  234     24     25     32     33   -0.3147902841E-01       99.68544
  235     24     25     33     34   -0.2198429074E-01       99.45459
  236     24     25     34     35   -0.1595088007E-01       99.22011
  237     24     25     35     36   -0.1193607277E-01       98.99546
  238     25     26     27     28   -0.2589238244E+01       97.61198
  239     25     26     28     29   -0.6575643415E+00       99.15837
  240     25     26     29     30   -0.2640703269E+00       99.55217
  241     25     26     30     31   -0.1323395184E+00       99.78165
  242     25     26     31     32   -0.7571341488E-01       99.90150
  243     25     26     32     33   -0.4729787396E-01       99.85292
  244     25     26     33     34   -0.3147468234E-01       99.67168
  245     25     26     34     35   -0.2197962298E-01       99.43347
  246     25     26     35     36   -0.1594586493E-01       99.18892
  247     25     26     36     37   -0.1193068203E-01       98.95075
  248     26     27     28     29   -0.2589234974E+01       97.61186
  249     26     27     29     30   -0.6575608325E+00       99.15784
  250     26     27     30     31   -0.2640665612E+00       99.55075
  251     26     27     31     32   -0.1323354764E+00       99.77860
  252     26     27     32     33   -0.7570907502E-01       99.89577
  253     26     27     33     34   -0.4729321272E-01       99.84308
  254     26     27     34     35   -0.3146967392E-01       99.65582
  255     26     27     35     36   -0.2197423910E-01       99.40912
  256     26     27     36     37   -0.1594007454E-01       99.15290
  257     26     27     37     38   -0.1192445105E-01       98.89907
  258     27     28     29     30   -0.2589231211E+01       97.61172
  259     27     28     30     31   -0.6575567944E+00       99.15723
  260     27     28     31     32   -0.2640622257E+00       99.54911
  261     27     28     32     33   -0.1323308200E+00       99.77509
  262     27     28     33     34   -0.7570407180E-01       99.88917
  263     27     28     34     35   -0.4728783429E-01       99.83172
  264     27     28     35     36   -0.3146388917E-01       99.63750
  265     27     28     36     37   -0.2196801386E-01       99.38095
  266     27     28     37     38   -0.1593337131E-01       99.11120
  267     27     28     38     39   -0.1191722862E-01       98.83917
  268     28     29     30     31   -0.2589226878E+01       97.61155
  269     28     29     31     32   -0.6575521412E+00       99.15653
  270     28     29     32     33   -0.2640572262E+00       99.54723
  271     28     29     33     34   -0.1323254457E+00       99.77104
  272     28     29     34     35   -0.7569829141E-01       99.88154
  273     28     29     35     36   -0.4728161362E-01       99.81859
  274     28     29     36     37   -0.3145719065E-01       99.61628
  275     28     29     37     38   -0.2196079622E-01       99.34830
  276     28     29     38     39   -0.1592558920E-01       99.06279
  277     28     29     39     40   -0.1190883220E-01       98.76953
  278     29     30     31     32   -0.2589221881E+01       97.61137
  279     29     30     32     33   -0.6575467696E+00       99.15572
  280     29     30     33     34   -0.2640514489E+00       99.54505
  281     29     30     34     35   -0.1323192284E+00       99.76635
  282     29     30     35     36   -0.7569159654E-01       99.87271
  283     29     30     36     37   -0.4727439979E-01       99.80336
  284     29     30     37     38   -0.3144941245E-01       99.59165
  285     29     30     38     39   -0.2195240376E-01       99.31033
  286     29     30     39     40   -0.1591652764E-01       99.00643
  287     29     30     40     41   -0.1189904129E-01       98.68832
  288     30     31     32     33   -0.2589216106E+01       97.61115
  289     30     31     33     34   -0.6575405546E+00       99.15478
  290     30     31     34     35   -0.2640447567E+00       99.54253
  291     30     31     35     36   -0.1323120175E+00       99.76091
  292     30     31     36     37   -0.7568382138E-01       99.86245
  293     30     31     37     38   -0.4726601050E-01       99.78565
  294     30     31     38     39   -0.3144035413E-01       99.56297
  295     30     31     39     40   -0.2194261609E-01       99.26606
  296     30     31     40     41   -0.1590594439E-01       98.94060
  297     30     31     41     42   -0.1188758974E-01       98.59335
  298     31     32     33     34   -0.2589209415E+01       97.61090
  299     31     32     34     35   -0.6575333455E+00       99.15369
  300     31     32     35     36   -0.2640369837E+00       99.53960
  301     31     32     36     37   -0.1323036305E+00       99.75459
  302     31     32     37     38   -0.7567476557E-01       99.85050
  303     31     32     38     39   -0.4725622544E-01       99.76499
  304     31     32     39     40   -0.3142977350E-01       99.52946
  305     31     32     40     41   -0.2193116716E-01       99.21426
  306     31     32     41     42   -0.1589354745E-01       98.86348
  307     31     32     42     43   -0.1187415772E-01       98.48194
  308     32     33     34     35   -0.2589201643E+01       97.61060
  309     32     33     35     36   -0.6575249602E+00       99.15243
  310     32     33     36     37   -0.2640279297E+00       99.53618
  311     32     33     37     38   -0.1322938474E+00       99.74721
  312     32     33     38     39   -0.7566418699E-01       99.83654
  313     32     33     39     40   -0.4724477859E-01       99.74083
  314     32     33     40     41   -0.3141737864E-01       99.49021
  315     32     33     41     42   -0.2191773715E-01       99.15351
  316     32     33     42     43   -0.1587898748E-01       98.77291
  317     32     33     43     44   -0.1185836531E-01       98.35096
  318     33     34     35     36   -0.2589192590E+01       97.61026
  319     33     34     36     37   -0.6575151784E+00       99.15095
  320     33     34     37     38   -0.2640173526E+00       99.53220
  321     33     34     38     39   -0.1322824021E+00       99.73858
  322     33     34     39     40   -0.7565179375E-01       99.82019
  323     33     34     40     41   -0.4723135019E-01       99.71248
  324     33     34     41     42   -0.3140282022E-01       99.44411
  325     33     34     43     44   -0.1586185425E-01       98.66634
  326     33     34     44     45   -0.1183977441E-01       98.19678
  327     34     35     36     37   -0.2589182014E+01       97.60986
  328     34     35     37     38   -0.6575037341E+00       99.14923
  329     34     35     38     39   -0.2640049605E+00       99.52753
  330     34     35     39     40   -0.1322689749E+00       99.72846
  331     34     35     40     41   -0.7563723653E-01       99.80098
  332     34     35     41     42   -0.4721556034E-01       99.67914
  333     34     35     42     43   -0.3138568800E-01       99.38986
  334     34     35     43     44   -0.2188335608E-01       98.99797
  335     34     35     44     45   -0.1584168814E-01       98.54090
  336     34     35     45     46   -0.1181791735E-01       98.01550
  337     35     36     37     38   -0.2589169623E+01       97.60940
  338     35     36     38     39   -0.6574903077E+00       99.14720
  339     35     36     39     40   -0.2639904041E+00       99.52204
  340     35     36     40     41   -0.1322531859E+00       99.71655
  341     35     36     41     42   -0.7562010507E-01       99.77838
  342     35     36     42     43   -0.4719697088E-01       99.63990
  343     35     36     43     44   -0.3136552229E-01       99.32600
  344     35     36     44     45   -0.2186149915E-01       98.89909
  345     35     36     45     46   -0.1581803922E-01       98.39379
  346     35     36     46     47   -0.1179241006E-01       97.80394
  347     36     37     38     39   -0.2589155067E+01       97.60885
  348     36     37     39     40   -0.6574745193E+00       99.14482
  349     36     37     40     41   -0.2639732732E+00       99.51558
  350     36     37     41     42   -0.1322345969E+00       99.70254
  351     36     37     42     43   -0.7559993966E-01       99.75177
  352     36     37     43     44   -0.4717511399E-01       99.59375
  353     36     37     44     45   -0.3134187309E-01       99.25111
  354     36     37     45     46   -0.2183599121E-01       98.78370
  355     36     37     46     47   -0.1579067776E-01       98.22360
  356     37     38     39     40   -0.2589137936E+01       97.60820
  357     37     38     40     41   -0.6574559306E+00       99.14202
  358     37     38     41     42   -0.2639531080E+00       99.50798
  359     37     38     42     43   -0.1322127400E+00       99.68606
  360     37     38     43     44   -0.7557629017E-01       99.72057
  361     37     38     44     45   -0.4714960538E-01       99.53990
  362     37     38     45     46   -0.3131451054E-01       99.16446
  363     37     38     46     47   -0.2180692154E-01       98.65219
  364     38     39     40     41   -0.2589117771E+01       97.60744
  365     38     39     41     42   -0.6574340737E+00       99.13872
  366     38     39     42     43   -0.2639294582E+00       99.49906
  367     38     39     43     44   -0.1321872309E+00       99.66682
  368     38     39     44     45   -0.7554892659E-01       99.68446
  369     38     39     45     46   -0.4712053418E-01       99.47853
  370     38     39     46     47   -0.3128415508E-01       99.06833
  371     39     40     41     42   -0.2589094121E+01       97.60655
  372     39     40     42     43   -0.6574085641E+00       99.13488
  373     39     40     43     44   -0.2639020938E+00       99.48875
  374     39     40     44     45   -0.1321581583E+00       99.64490
  375     39     40     45     46   -0.7551856920E-01       99.64440
  376     39     40     46     47   -0.4708986197E-01       99.41377
  377     39     40     47     48   -0.3125525420E-01       98.97681
  378     40     41     42     43   -0.2589066756E+01       97.60552
  379     40     41     43     44   -0.6573794905E+00       99.13049
  380     40     41     44     45   -0.2638717349E+00       99.47730
  381     40     41     45     46   -0.1321274838E+00       99.62178
  382     40     41     46     47   -0.7548966528E-01       99.60627
  383     40     41     47     48   -0.4706721786E-01       99.36597
  384     41     42     43     44   -0.2589036396E+01       97.60437
  385     41     42     44     45   -0.6573488143E+00       99.12587
  386     41     42     45     46   -0.2638428284E+00       99.46640
  387     41     42     46     47   -0.1321048363E+00       99.60470
  388     41     42     47     48   -0.7548336996E-01       99.59796
  389     42     43     44     45   -0.2589007488E+01       97.60328
  390     42     43     45     46   -0.6573261641E+00       99.12245
  391     42     43     46     47   -0.2638365293E+00       99.46403
  392     42     43     47     48   -0.1321396360E+00       99.63094
  393     43     44     45     46   -0.2589001186E+01       97.60305
  394     43     44     46     47   -0.6573609600E+00       99.12770
  395     43     44     47     48   -0.2639820909E+00       99.51890
  396     44     45     46     47   -0.2589146744E+01       97.60853
  397     44     45     47     48   -0.6578592275E+00       99.20283
