E3-E4 Eggborough

0  4  3.0  0  1  <<job_type, mesh_type, flux_type, singular_type, res_matrix

59      63 <<numnp_x, numnp_y

-150.0  -109.005  -79.215 -57.565     -41.833     -30.4       -22.092     -16.054     -11.667 -11.111 -10.556 -10.0   -9.444  -8.889  -8.333  
-7.778  -7.222  -6.667  -6.111  -5.556  -5.0 -4.444  -3.889  -3.333  -2.778  -2.222  -1.667  -1.111  -0.556  0.0     0.556   1.111   1.667 
2.222   2.778   3.333   3.889   4.444   5.0     5.556   6.111   6.667   7.222   7.778   8.333 8.889   9.444   10.0    10.556  11.111  11.667  
16.054  22.092  30.4    41.833  57.565  79.215 109.005 150.0 

       0.0       0.0       0.0       0.0       0.0       0.0       0.0       0.0
       0.0       0.0       0.0       0.0       0.0       0.0       0.0       0.0
       0.0       0.0       0.0       0.0       0.0       0.0       0.0       0.0
       0.0       0.0       0.0       0.0       0.0       0.0       0.0       0.0
       0.0       0.0       0.0       0.0       0.0       0.0       0.0       0.0
       0.0       0.0       0.0       0.0       0.0       0.0       0.0       0.0
       0.0       0.0       0.0       0.0       0.0       0.0       0.0       0.0
       0.0       0.0       0.0


0,  0.375,  0.75,  1.125,  1.5,  1.875,  2.25,  2.625,  3,  3.375,  3.75,  4.125, 4.5,  4.875,  5.25,  5.625,  6,  6.375,  6.75,  7.125,  7.5,  
7.875,  8.25,  8.625, 9,  9.375,  9.75,  10.125,  10.5,  10.875,  11.25,  11.625,  12,  12.375,  12.75,  13.125, 13.5,  13.875,  14.25,  14.625,  
15,  15.375,  15.75,  16.125,  16.5,  16.875,  17.25, 17.625,  18,  18.375,  18.75,  19.125,  19.5,  19.875,  20.25,  21,  23,  26,  32, 40,  
60,  100,  150


    0 << num_regions
resistivity.dat
      
0  << num_xz_poly


58     num_electrodes
1       21      43
2       21      41
3       21      39
4       21      37
5       21      35
6       21      33
7       21      31
8       21      29
9       21      27
10      21      25
11      21      23
12      21      21
13      21      19
14      21      17
15      21      15
16      21      13
17      21      11
18      21      9
19      21      7
20      21      5
21      21      3
22      39      43
23      39      41
24      39      39
25      39      37
26      39      35
27      39      33
28      39      31
29      39      29
30      39      27
31      39      25
32      39      23
33      39      21
34      39      19
35      39      17
36      39      15
37      39      13
38      39      11
39      39      9
40      39      7
41      39      5
42      39      3
49      13      1
50      15      1
51      17      1
52      19      1
53      23      1
54      25      1
55      27      1
56      29      1
57      31      1
58      33      1
59      35      1
60      37      1
61      41      1
62      43      1
63      45      1
64      47      1
