         204
    1      1      2      3      4   -0.2590679947E+01       98.11230
    2      2      3      4      5   -0.2589892906E+01       98.45714
    3      3      4      5      6   -0.2589469756E+01       99.39563
    4      4      5      6      7   -0.2589019302E+01      102.74077
    5      5      6      7      8   -0.2588420703E+01      130.10822
    6      6      7      8      9   -0.2587493947E+01        0.00000
    7      7      8      9     10   -0.2585931647E+01        0.00000
    8      8      9     10     11   -0.2583223587E+01      129.84698
    9      9     10     11     12   -0.2578267149E+01      102.31409
   10     10     11     12     13   -0.2568034682E+01       98.57286
   11     11     12     13     14   -0.2542569620E+01       96.65810
   12     12     13     14     15   -0.2457432407E+01       93.06605
   13     13     14     15     16   -0.1932029207E+01       73.03643
   14     14     15     16     17   -0.7816818028E+01      197.68715
   15     15     16     17     18    0.6492506667E-04       -1.94716
   16     16     17     18     19   -0.3920590201E+01       99.61967
   17     17     18     19     20   -0.2590680006E+01       98.11230
   18     18     19     20     21   -0.2589892972E+01       98.45714
   19     19     20     21     22   -0.2589469811E+01       99.39563
   20     20     21     22     23   -0.2589019331E+01      102.74077
   21     21     22     23     24   -0.2588420693E+01      130.10821
   22     22     23     24     25   -0.2587493883E+01        0.00000
   23     23     24     25     26   -0.2585931519E+01        0.00000
   24     24     25     26     27   -0.2583223398E+01      129.84697
   25     25     26     27     28   -0.2578266927E+01      102.31408
   26     26     27     28     29   -0.2568034469E+01       98.57285
   27     27     28     29     30   -0.2542569458E+01       96.65809
   28     28     29     30     31   -0.2457432317E+01       93.06604
   29     29     30     31     32   -0.1932029183E+01       73.03643
   30      1      2      4      5   -0.6580892637E+00      101.70305
   31      2      3      5      6   -0.6575367343E+00      104.11191
   32      3      4      6      7   -0.6570635245E+00      111.86773
   33      4      5      7      8   -0.6565002424E+00      164.99651
   34      5      6      8      9   -0.6557259780E+00      -32.96038
   35      6      7      9     10   -0.6545215131E+00        0.00000
   36      7      8     10     11   -0.6525085855E+00      -32.79866
   37      8      9     11     12   -0.6489510885E+00      163.09920
   38      9     10     12     13   -0.6420336154E+00      109.30883
   39     10     11     13     14   -0.6263895740E+00       99.18019
   40     11     12     14     15   -0.5820581882E+00       89.95299
   41     12     13     15     16   -0.3936226347E+00       60.19884
   42     13     14     16     17   -0.2639012019E+01      204.04613
   43     14     15     17     18    0.1956415015E-03       -5.87456
   44     15     16     18     19    0.8563081947E-04       -2.78245
   45     16     17     19     20   -0.1332394324E+01      104.76492
   46     17     18     20     21   -0.6580893187E+00      101.70306
   47     18     19     21     22   -0.6575367838E+00      104.11192
   48     19     20     22     23   -0.6570635551E+00      111.86773
   49     20     21     23     24   -0.6565002446E+00      164.99651
   50     21     22     24     25   -0.6557259405E+00      -32.96038
   51     22     23     25     26   -0.6545214234E+00        0.00000
   52     23     24     26     27   -0.6525084391E+00      -32.79865
   53     24     25     27     28   -0.6489508995E+00      163.09915
   54     25     26     28     29   -0.6420334174E+00      109.30879
   55     26     27     29     30   -0.6263894082E+00       99.18016
   56     27     28     30     31   -0.5820580858E+00       89.95297
   57     28     29     31     32   -0.3936226038E+00       60.19883
   58      1      2      5      6   -0.2640545741E+00      108.59589
   59      2      3      6      7   -0.2635223504E+00      120.94245
   60      3      4      7      8   -0.2629590961E+00      198.26649
   61      4      5      8      9   -0.2622599375E+00      -65.91311
   62      5      6      9     10   -0.2612814215E+00        0.00000
   63      6      7     10     11   -0.2597535086E+00        0.00000
   64      7      8     11     12   -0.2571617848E+00      -64.63181
   65      8      9     12     13   -0.2523544286E+00      190.27076
   66      9     10     13     14   -0.2422514213E+00      111.18025
   67     10     11     14     15   -0.2168708328E+00       89.19096
   68     11     12     15     16   -0.1317726245E+00       52.04269
   69     12     13     16     17   -0.1324314190E+01      213.38841
   70     13     14     17     18    0.3291215607E-03      -10.40183
   71     14     15     18     19    0.2573372713E-03       -8.13310
   72     15     16     19     20    0.1098500051E-03       -4.08579
   73     16     17     20     21   -0.6742260965E+00      113.32668
   74     17     18     21     22   -0.2640546109E+00      108.59590
   75     18     19     22     23   -0.2635223724E+00      120.94246
   76     19     20     23     24   -0.2629590972E+00      198.26649
   77     20     21     24     25   -0.2622599120E+00      -65.91311
   78     21     22     25     26   -0.2612813599E+00        0.00000
   79     22     23     26     27   -0.2597534023E+00        0.00000
   80     23     24     27     28   -0.2571616362E+00      -64.63177
   81     24     25     28     29   -0.2523542590E+00      190.27063
   82     25     26     29     30   -0.2422512662E+00      111.18018
   83     26     27     30     31   -0.2168707277E+00       89.19091
   84     27     28     31     32   -0.1317725895E+00       52.04267
   85      1      2      6      7   -0.1318683640E+00      130.49716
   86      2      3      7      8   -0.1312877324E+00      230.97344
   87      3      4      8      9   -0.1306248390E+00      -98.48881
   88      4      5      9     10   -0.1297807612E+00       -5.15013
   89      5      6     10     11   -0.1285742928E+00        0.00000
   90      6      7     11     12   -0.1266457404E+00       -5.02572
   91      7      8     12     13   -0.1232299386E+00      -92.91318
   92      8      9     13     14   -0.1164574138E+00      204.88258
   93      9     10     14     15   -0.1009218127E+00       99.87240
   94     10     11     15     16   -0.5664852667E-01       48.60329
   95     11     12     16     17   -0.7956588691E+00      231.34219
   96     12     13     17     18    0.4678958249E-03      -16.49210
   97     13     14     18     19    0.4305406341E-03      -13.93391
   98     14     15     19     20    0.3289802766E-03      -11.59569
   99     15     16     20     21    0.1380083028E-03       -6.29502
  100     16     17     21     22   -0.4084574839E+00      130.82919
  101     17     18     22     23   -0.1318683696E+00      130.49716
  102     18     19     23     24   -0.1312877205E+00      230.97342
  103     19     20     24     25   -0.1306248095E+00      -98.48879
  104     20     21     25     26   -0.1297807111E+00       -5.15012
  105     21     22     26     27   -0.1285742146E+00        0.00000
  106     22     23     27     28   -0.1266456295E+00       -5.02571
  107     23     24     28     29   -0.1232298039E+00      -92.91308
  108     24     25     29     30   -0.1164572802E+00      204.88235
  109     25     26     30     31   -0.1009217141E+00       99.87230
  110     26     27     31     32   -0.5664849073E-01       48.60326
  111      1      2      7      8   -0.7477224300E-01      263.09240
  112      2      3      8      9   -0.7413079018E-01     -130.41770
  113      3      4      9     10   -0.7337164127E-01      -12.49182
  114      4      5     10     11   -0.7237389473E-01        0.00000
  115      5      6     11     12   -0.7089227425E-01        0.00000
  116      6      7     12     13   -0.6840771417E-01      -11.64669
  117      7      8     13     14   -0.6373097559E-01     -112.12139
  118      8      9     14     15   -0.5374044332E-01      189.09025
  119      9     10     15     16   -0.2842924175E-01       52.95741
  120     10     11     16     17   -0.5293471170E+00      268.33527
  121     11     12     17     18    0.6158099257E-03      -26.03514
  122     12     13     18     19    0.6070073511E-03      -21.36756
  123     13     14     19     20    0.5465380459E-03      -19.23895
  124     14     15     20     21    0.4116181704E-03      -17.40234
  125     15     16     21     22    0.1706907854E-03      -10.55623
  126     16     17     22     23   -0.2737031541E+00      175.13177
  127     17     18     23     24   -0.7477220910E-01      263.09228
  128     18     19     24     25   -0.7413074297E-01     -130.41761
  129     19     20     25     26   -0.7337158485E-01      -12.49181
  130     20     21     26     27   -0.7237382718E-01        0.00000
  131     21     22     27     28   -0.7089218966E-01        0.00000
  132     22     23     28     29   -0.6840761189E-01      -11.64667
  133     23     24     29     30   -0.6373086874E-01     -112.12120
  134     24     25     30     31   -0.5374035829E-01      189.08995
  135     25     26     31     32   -0.2842920801E-01       52.95735
  136      1      2      8      9   -0.4587310495E-01     -161.40836
  137      2      3      9     10   -0.4517670158E-01      -20.73365
  138      3      4     10     11   -0.4432125376E-01       -1.70125
  139      4      5     11     12   -0.4314039910E-01        0.00000
  140      5      6     12     13   -0.4128139589E-01       -1.58457
  141      6      7     13     14   -0.3796353378E-01      -17.42320
  142      7      8     14     15   -0.3128767634E-01     -110.08831
  143      8      9     15     16   -0.1582044723E-01      100.19802
  144      9     10     16     17   -0.3754827018E+00      362.46900
  145     10     11     17     18    0.7784902430E-03      -43.85174
  146     11     12     18     19    0.7901582040E-03      -32.65078
  147     12     13     19     20    0.7623008065E-03      -28.52052
  148     13     14     20     21    0.6780962292E-03      -28.02018
  149     14     15     21     22    0.5068163448E-03      -28.54856
  150     15     16     22     23    0.2083329192E-03      -21.05677
  151     16     17     23     24   -0.1952936293E+00      407.98287
  152     17     18     24     25   -0.4587302985E-01     -161.40810
  153     18     19     25     26   -0.4517662350E-01      -20.73362
  154     19     20     26     27   -0.4432117821E-01       -1.70125
  155     20     21     27     28   -0.4314032380E-01        0.00000
  156     21     22     28     29   -0.4128131599E-01       -1.58456
  157     22     23     29     30   -0.3796345176E-01      -17.42316
  158     23     24     30     31   -0.3128760799E-01     -110.08807
  159     24     25     31     32   -0.1582041807E-01      100.19784
  160      1      2      9     10   -0.2958199630E-01      -29.27439
  161      2      3     10     11   -0.2883306957E-01       -4.56532
  162      3      4     11     12   -0.2786196643E-01        0.00000
  163      4      5     12     13   -0.2642761389E-01        0.00000
  164      5      6     13     14   -0.2400840867E-01       -3.80140
  165      6      7     14     15   -0.1940215614E-01      -19.20041
  166      7      8     15     16   -0.9468120691E-02      -59.96588
  167      8      9     16     17   -0.2782482580E+00      858.47904
  168      9     10     17     18    0.9627869550E-03      -87.57104
  169     10     11     18     19    0.9857846938E-03      -53.34993
  170     11     12     19     20    0.9781703725E-03      -42.10340
  171     12     13     20     21    0.9335693110E-03      -40.18363
  172     13     14     21     22    0.8272091136E-03      -44.76794
  173     14     15     22     23    0.6157860467E-03      -56.00930
  174     15     16     23     24    0.2504022399E-03      -75.22825
  175     16     17     24     25   -0.1453474035E+00     -303.64150
  176     17     18     25     26   -0.2958188550E-01      -29.27428
  177     18     19     26     27   -0.2883297014E-01       -4.56530
  178     19     20     27     28   -0.2786188249E-01        0.00000
  179     20     21     28     29   -0.2642754152E-01        0.00000
  180     21     22     29     30   -0.2400834364E-01       -3.80139
  181     22     23     30     31   -0.1940210330E-01      -19.20035
  182     23     24     31     32   -0.9468097203E-02      -59.96573
  183      1      2     10     11   -0.1965546354E-01       -8.08357
  184      2      3     11     12   -0.1883943032E-01       -0.71620
  185      3      4     12     13   -0.1770162235E-01        0.00000
  186      4      5     13     14   -0.1588831924E-01       -0.60401
  187      5      6     14     15   -0.1261682829E-01       -5.18884
  188      6      7     15     16   -0.5980837093E-02      -11.14098
  189      7      8     16     17   -0.2130506914E+00     -657.32506
  190      8      9     17     18    0.1174692141E-02     -315.63711
  191      9     10     18     19    0.1201230806E-02     -103.72815
  192     10     11     19     20    0.1199406148E-02      -66.52993
  193     11     12     20     21    0.1176978949E-02      -57.25735
  194     12     13     21     22    0.1122382645E-02      -62.25751
  195     13     14     22     23    0.9956279896E-03      -85.97403
  196     14     15     23     24    0.7369636587E-03     -198.02046
  197     15     16     24     25    0.2941891687E-03       88.38315
  198     16     17     25     26   -0.1113102238E+00      -71.22299
  199     17     18     26     27   -0.1965532894E-01       -8.08351
  200     18     19     27     28   -0.1883932257E-01       -0.71619
  201     19     20     28     29   -0.1770154185E-01        0.00000
  202     20     21     29     30   -0.1588825969E-01       -0.60401
  203     21     22     30     31   -0.1261678601E-01       -5.18882
  204     22     23     31     32   -0.5980818874E-02      -11.14095
