         117
    1      3      4      1      2   -0.6514923336E+01      245.60682
    2      4      5      1      2   -0.1603514341E+01      241.80427
    3      5      6      1      2   -0.6350839436E+00      239.42101
    4      6      7      1      2   -0.3221621758E+00      242.90456
    5      7      8      1      2   -0.1919657898E+00      253.29289
    6      8      9      1      2   -0.1276029750E+00      269.38905
    7      4      5      2      3   -0.6512667320E+01      245.52177
    8      5      6      2      3   -0.1602179108E+01      241.60292
    9      6      7      2      3   -0.6340912378E+00      239.04676
   10      7      8      2      3   -0.3212962081E+00      242.25163
   11      8      9      2      3   -0.1911591752E+00      252.22859
   12      9     10      2      3   -0.1269033702E+00      267.91208
   13      5      6      3      4   -0.6511664720E+01      245.48398
   14      6      7      3      4   -0.1601285209E+01      241.46812
   15      7      8      3      4   -0.6332107217E+00      238.71482
   16      8      9      3      4   -0.3204110123E+00      241.58421
   17      9     10      3      4   -0.1903506723E+00      251.16180
   18     10     11      3      4   -0.1264391274E+00      266.93200
   19      6      7      4      5   -0.6510752431E+01      245.44958
   20      7      8      4      5   -0.1600313498E+01      241.32159
   21      8      9      4      5   -0.6321816437E+00      238.32686
   22      9     10      4      5   -0.3194291597E+00      240.84391
   23     10     11      4      5   -0.1897395104E+00      250.35539
   24     11     12      4      5   -0.1268470837E+00      267.79325
   25      7      8      5      6   -0.6509624320E+01      245.40706
   26      8      9      5      6   -0.1599069967E+01      241.13407
   27      9     10      5      6   -0.6309438825E+00      237.86024
   28     10     11      5      6   -0.3185815522E+00      240.20483
   29     11     12      5      6   -0.1900778906E+00      250.80187
   30     12     13      5      6   -0.1291145095E+00      272.58013
   31      8      9      6      7   -0.6508082431E+01      245.34893
   32      9     10      6      7   -0.1597462583E+01      240.89168
   33     10     11      6      7   -0.6297145161E+00      237.39678
   34     11     12      6      7   -0.3187017454E+00      240.29545
   35     12     13      6      7   -0.1925443559E+00      254.05629
   36     13     14      6      7   -0.1331057715E+00      281.00628
   37      9     10      7      8   -0.6505947129E+01      245.26843
   38     10     11      7      8   -0.1595603178E+01      240.61129
   39     11     12      7      8   -0.6292823796E+00      237.23387
   40     12     13      7      8   -0.3210637757E+00      242.07638
   41     13     14      7      8   -0.1970496025E+00      260.00083
   42     14     15      7      8   -0.1370788799E+00      289.39411
   43     10     11      8      9   -0.6503023768E+01      245.15822
   44     11     12      8      9   -0.1593865716E+01      240.34929
   45     12     13      8      9   -0.6306313659E+00      237.74242
   46     13     14      8      9   -0.3255553952E+00      245.46299
   47     14     15      8      9   -0.2018422938E+00      266.32463
   48     15     16      8      9   -0.1403576399E+00      296.31607
   49     11     12      9     10   -0.6498341002E+01      244.98168
   50     12     13      9     10   -0.1591831852E+01      240.04259
   51     13     14      9     10   -0.6333682401E+00      238.77420
   52     14     15      9     10   -0.3309505584E+00      249.53084
   53     15     16      9     10   -0.2067198142E+00      272.76037
   54     16     17      9     10   -0.1438422872E+00      303.67268
   55     12     13     10     11   -0.6487641883E+01      244.57834
   56     13     14     10     11   -0.1588320751E+01      239.51313
   57     14     15     10     11   -0.6382074473E+00      240.59854
   58     15     16     10     11   -0.3384438988E+00      255.18069
   59     16     17     10     11   -0.2132254011E+00      281.34429
   60     17     18     10     11   -0.1487442898E+00      314.02155
   61     13     14     11     12   -0.6469492811E+01      243.89413
   62     14     15     11     12   -0.1589174480E+01      239.64187
   63     15     16     11     12   -0.6488973093E+00      244.62852
   64     16     17     11     12   -0.3497619160E+00      263.71427
   65     17     18     11     12   -0.2223907041E+00      293.43762
   66     18     19     11     12   -0.1557397774E+00      328.79007
   67     14     15     12     13   -0.6460421084E+01      243.55214
   68     15     16     12     13   -0.1599552841E+01      241.20689
   69     16     17     12     13   -0.6633908690E+00      250.09247
   70     17     18     12     13   -0.3624496641E+00      273.28061
   71     18     19     12     13   -0.2324135176E+00      306.66241
   72     19     20     12     13   -0.1635413417E+00      345.26035
   73     15     16     13     14   -0.6461307587E+01      243.58556
   74     16     17     13     14   -0.1607830870E+01      242.45518
   75     17     18     13     14   -0.6722711338E+00      253.44025
   76     18     19     13     14   -0.3700948921E+00      279.04497
   77     19     20     13     14   -0.2386680266E+00      314.91504
   78     20     21     13     14   -0.1686356736E+00      356.01525
   79     16     17     14     15   -0.6457372423E+01      243.43721
   80     17     18     14     15   -0.1606997710E+01      242.32955
   81     18     19     14     15   -0.6727118270E+00      253.60638
   82     19     20     14     15   -0.3710107432E+00      279.73551
   83     20     21     14     15   -0.2397284741E+00      316.31427
   84     21     22     14     15   -0.1697058183E+00      358.27448
   85     17     18     15     16   -0.6450834235E+01      243.19072
   86     18     19     15     16   -0.1602767983E+01      241.69172
   87     19     20     15     16   -0.6699439534E+00      252.56292
   88     20     21     15     16   -0.3691621781E+00      278.34172
   89     21     22     15     16   -0.2384722716E+00      314.65675
   90     22     23     15     16   -0.1688453096E+00      356.45782
   91     18     19     16     17   -0.6445853640E+01      243.00296
   92     19     20     16     17   -0.1599212718E+01      241.15560
   93     20     21     16     17   -0.6673644454E+00      251.59047
   94     21     22     16     17   -0.3672570154E+00      276.90527
   95     22     23     16     17   -0.2370466228E+00      312.77565
   96     23     24     16     17   -0.1677740672E+00      354.19627
   97     19     20     17     18   -0.6442729588E+01      242.88518
   98     20     21     17     18   -0.1596873284E+01      240.80282
   99     21     22     17     18   -0.6655918714E+00      250.92222
  100     22     23     17     18   -0.3659048957E+00      275.88579
  101     23     24     17     18   -0.2360196697E+00      311.42062
  102     24     25     17     18   -0.1670140111E+00      352.59167
  103     20     21     18     19   -0.6440833857E+01      242.81372
  104     21     22     18     19   -0.1595420922E+01      240.58381
  105     22     23     18     19   -0.6644834759E+00      250.50437
  106     23     24     18     19   -0.3650780056E+00      275.26233
  107     24     25     18     19   -0.2354430566E+00      310.65979
  108     21     22     19     20   -0.6439699258E+01      242.77094
  109     22     23     19     20   -0.1594572850E+01      240.45592
  110     23     24     19     20   -0.6638898364E+00      250.28057
  111     24     25     19     20   -0.3647397095E+00      275.00726
  112     22     23     20     21   -0.6439101159E+01      242.74839
  113     23     24     20     21   -0.1594231364E+01      240.40443
  114     24     25     20     21   -0.6638556206E+00      250.26767
  115     23     24     21     22   -0.6439067085E+01      242.74711
  116     24     25     21     22   -0.1594663847E+01      240.46964
  117     24     25     22     23   -0.6440438413E+01      242.79881
