         117
    1      3      4      1      2   -0.8677335668E+01      327.12785
    2      4      5      1      2   -0.1971976395E+01      297.36703
    3      5      6      1      2   -0.6457801482E+00      243.45338
    4      6      7      1      2   -0.2691860565E+00      202.96151
    5      7      8      1      2   -0.1631157606E+00      215.22618
    6      8      9      1      2   -0.1208251836E+00      255.08012
    7      4      5      2      3   -0.9213025946E+01      347.32290
    8      5      6      2      3   -0.1944036640E+01      293.15382
    9      6      7      2      3   -0.6112304581E+00      230.42845
   10      7      8      2      3   -0.3009349566E+00      226.89961
   11      8      9      2      3   -0.1935478334E+00      255.38035
   12      9     10      2      3   -0.1333400581E+00      281.50090
   13      5      6      3      4   -0.8566855283E+01      322.96284
   14      6      7      3      4   -0.1711225278E+01      258.04669
   15      7      8      3      4   -0.6460789984E+00      243.56604
   16      8      9      3      4   -0.3448662167E+00      260.02300
   17      9     10      3      4   -0.2072846940E+00      273.50571
   18     10     11      3      4   -0.1360418625E+00      287.20481
   19      6      7      4      5   -0.8030785819E+01      302.75349
   20      7      8      4      5   -0.1938135787E+01      292.26399
   21      8      9      4      5   -0.8070770270E+00      304.26087
   22      9     10      4      5   -0.4036352806E+00      304.33383
   23     10     11      4      5   -0.2339214799E+00      308.65212
   24     11     12      4      5   -0.1441844644E+00      304.39507
   25      7      8      5      6   -0.6779400291E+01      255.57737
   26      8      9      5      6   -0.1881273611E+01      283.68938
   27      9     10      5      6   -0.7441463489E+00      280.53656
   28     10     11      5      6   -0.3673204857E+00      276.95312
   29     11     12      5      6   -0.2020753137E+00      266.63209
   30     12     13      5      6   -0.1243518632E+00      262.52547
   31      8      9      6      7   -0.7029311783E+01      264.99881
   32      9     10      6      7   -0.1793146707E+01      270.40015
   33     10     11      6      7   -0.6991450463E+00      263.57147
   34     11     12      6      7   -0.3259628727E+00      245.77022
   35     12     13      6      7   -0.1789014240E+00      236.05487
   36     13     14      6      7   -0.1087981332E+00      229.68921
   37      9     10      7      8   -0.7513713911E+01      283.26034
   38     10     11      7      8   -0.1893869915E+01      285.58886
   39     11     12      7      8   -0.6983118088E+00      263.25735
   40     12     13      7      8   -0.3280658701E+00      247.35584
   41     13     14      7      8   -0.1782092634E+00      235.14158
   42     14     15      7      8   -0.1298196381E+00      274.06876
   43     10     11      8      9   -0.8298438126E+01      312.84375
   44     11     12      8      9   -0.1930305152E+01      291.08316
   45     12     13      8      9   -0.7195084361E+00      271.24829
   46     13     14      8      9   -0.3334916475E+00      251.44678
   47     14     15      8      9   -0.2163987357E+00      285.53140
   48     15     16      8      9   -0.1673052281E+00      353.20648
   49     11     12      9     10   -0.8008576556E+01      301.91622
   50     12     13      9     10   -0.1911941187E+01      288.31394
   51     13     14      9     10   -0.7011017320E+00      264.30913
   52     14     15      9     10   -0.3848441608E+00      290.16566
   53     15     16      9     10   -0.2659104816E+00      350.86061
   54     16     17      9     10   -0.1877063149E+00      396.27624
   55     12     13     10     11   -0.6956517449E+01      262.25453
   56     13     14     10     11   -0.1662308741E+01      250.67025
   57     14     15     10     11   -0.7249893327E+00      273.31454
   58     15     16     10     11   -0.4290525028E+00      323.49797
   59     16     17     10     11   -0.2730468128E+00      360.27678
   60     17     18     10     11   -0.1701595217E+00      359.23232
   61     13     14     11     12   -0.5957152700E+01      224.57937
   62     14     15     11     12   -0.1670865366E+01      251.96056
   63     15     16     11     12   -0.7829380963E+00      295.16071
   64     16     17     11     12   -0.4246559281E+00      320.18303
   65     17     18     11     12   -0.2397844610E+00      316.38814
   66     18     19     11     12   -0.1573369549E+00      332.16195
   67     14     15     12     13   -0.5923818318E+01      223.32269
   68     15     16     12     13   -0.1789759024E+01      269.88930
   69     16     17     12     13   -0.7550103972E+00      284.63221
   70     17     18     12     13   -0.3634462453E+00      274.03201
   71     18     19     12     13   -0.2164794321E+00      285.63788
   72     19     20     12     13   -0.1400141016E+00      295.59081
   73     15     16     13     14   -0.6316011525E+01      238.10802
   74     16     17     13     14   -0.1709106869E+01      257.72724
   75     17     18     13     14   -0.6346413238E+00      239.25414
   76     18     19     13     14   -0.3213704349E+00      242.30760
   77     19     20     13     14   -0.1889732263E+00      249.34430
   78     20     21     13     14   -0.1363303471E+00      287.81385
   79     16     17     14     15   -0.7317407790E+01      275.85977
   80     17     18     14     15   -0.1716192637E+01      258.79575
   81     18     19     14     15   -0.6626644487E+00      249.81861
   82     19     20     14     15   -0.3304471131E+00      249.15125
   83     20     21     14     15   -0.2161457373E+00      285.19758
   84     21     22     14     15   -0.1618049931E+00      341.59465
   85     17     18     15     16   -0.7651195562E+01      288.44328
   86     18     19     15     16   -0.1817050340E+01      274.00474
   87     19     20     15     16   -0.6853228556E+00      258.36063
   88     20     21     15     16   -0.3783041009E+00      285.23457
   89     21     22     15     16   -0.2569126124E+00      338.98821
   90     22     23     15     16   -0.1708161704E+00      360.61860
   91     18     19     16     17   -0.7636582451E+01      287.89238
   92     19     20     16     17   -0.1751819788E+01      264.16820
   93     20     21     16     17   -0.7254895448E+00      273.50311
   94     21     22     16     17   -0.4144763471E+00      312.50780
   95     22     23     16     17   -0.2488241007E+00      328.31567
   96     23     24     16     17   -0.1484208890E+00      313.33880
   97     19     20     17     18   -0.6464205656E+01      243.69481
   98     20     21     17     18   -0.1630632233E+01      245.89355
   99     21     22     17     18   -0.7094439468E+00      267.45407
  100     22     23     17     18   -0.3598036124E+00      271.28553
  101     23     24     17     18   -0.1922272933E+00      253.63794
  102     24     25     17     18   -0.1219471768E+00      257.44881
  103     20     21     18     19   -0.6591427059E+01      248.49095
  104     21     22     18     19   -0.1775391129E+01      267.72268
  105     22     23     18     19   -0.6922973822E+00      260.98996
  106     23     24     18     19   -0.3094202276E+00      233.29736
  107     24     25     18     19   -0.1742670352E+00      229.93994
  108     21     22     19     20   -0.6530661002E+01      246.20012
  109     22     23     19     20   -0.1646778383E+01      248.32833
  110     23     24     19     20   -0.5749852624E+00      216.76434
  111     24     25     19     20   -0.2727362659E+00      205.63830
  112     22     23     20     21   -0.6650709350E+01      250.72584
  113     23     24     20     21   -0.1500750425E+01      226.30783
  114     24     25     20     21   -0.5511717845E+00      207.78687
  115     23     24     21     22   -0.6213813428E+01      234.25525
  116     24     25     21     22   -0.1439712999E+01      217.10361
  117     24     25     22     23   -0.4969648027E+01      187.35132
